1000
1000000 1000000
999999 1000000
999998 1000000
999997 1000000
999996 1000000
999995 1000000
999994 1000000
999993 1000000
999992 1000000
999991 1000000
999990 1000000
999989 1000000
999988 1000000
999987 1000000
999986 1000000
999985 1000000
999984 1000000
999983 1000000
999982 1000000
999981 1000000
999980 1000000
999979 1000000
999978 1000000
999977 1000000
999976 1000000
999975 1000000
999974 1000000
999973 1000000
999972 1000000
999971 1000000
999970 1000000
999969 1000000
999968 1000000
999967 1000000
999966 1000000
999965 1000000
999964 1000000
999963 1000000
999962 1000000
999961 1000000
999960 1000000
999959 1000000
999958 1000000
999957 1000000
999956 1000000
999955 1000000
999954 1000000
999953 1000000
999952 1000000
999951 1000000
999950 1000000
999949 1000000
999948 1000000
999947 1000000
999946 1000000
999945 1000000
999944 1000000
999943 1000000
999942 1000000
999941 1000000
999940 1000000
999939 1000000
999938 1000000
999937 1000000
999936 1000000
999935 1000000
999934 1000000
999933 1000000
999932 1000000
999931 1000000
999930 1000000
999929 1000000
999928 1000000
999927 1000000
999926 1000000
999925 1000000
999924 1000000
999923 1000000
999922 1000000
999921 1000000
999920 1000000
999919 1000000
999918 1000000
999917 1000000
999916 1000000
999915 1000000
999914 1000000
999913 1000000
999912 1000000
999911 1000000
999910 1000000
999909 1000000
999908 1000000
999907 1000000
999906 1000000
999905 1000000
999904 1000000
999903 1000000
999902 1000000
999901 1000000
999900 1000000
999899 1000000
999898 1000000
999897 1000000
999896 1000000
999895 1000000
999894 1000000
999893 1000000
999892 1000000
999891 1000000
999890 1000000
999889 1000000
999888 1000000
999887 1000000
999886 1000000
999885 1000000
999884 1000000
999883 1000000
999882 1000000
999881 1000000
999880 1000000
999879 1000000
999878 1000000
999877 1000000
999876 1000000
999875 1000000
999874 1000000
999873 1000000
999872 1000000
999871 1000000
999870 1000000
999869 1000000
999868 1000000
999867 1000000
999866 1000000
999865 1000000
999864 1000000
999863 1000000
999862 1000000
999861 1000000
999860 1000000
999859 1000000
999858 1000000
999857 1000000
999856 1000000
999855 1000000
999854 1000000
999853 1000000
999852 1000000
999851 1000000
999850 1000000
999849 1000000
999848 1000000
999847 1000000
999846 1000000
999845 1000000
999844 1000000
999843 1000000
999842 1000000
999841 1000000
999840 1000000
999839 1000000
999838 1000000
999837 1000000
999836 1000000
999835 1000000
999834 1000000
999833 1000000
999832 1000000
999831 1000000
999830 1000000
999829 1000000
999828 1000000
999827 1000000
999826 1000000
999825 1000000
999824 1000000
999823 1000000
999822 1000000
999821 1000000
999820 1000000
999819 1000000
999818 1000000
999817 1000000
999816 1000000
999815 1000000
999814 1000000
999813 1000000
999812 1000000
999811 1000000
999810 1000000
999809 1000000
999808 1000000
999807 1000000
999806 1000000
999805 1000000
999804 1000000
999803 1000000
999802 1000000
999801 1000000
999800 1000000
999799 1000000
999798 1000000
999797 1000000
999796 1000000
999795 1000000
999794 1000000
999793 1000000
999792 1000000
999791 1000000
999790 1000000
999789 1000000
999788 1000000
999787 1000000
999786 1000000
999785 1000000
999784 1000000
999783 1000000
999782 1000000
999781 1000000
999780 1000000
999779 1000000
999778 1000000
999777 1000000
999776 1000000
999775 1000000
999774 1000000
999773 1000000
999772 1000000
999771 1000000
999770 1000000
999769 1000000
999768 1000000
999767 1000000
999766 1000000
999765 1000000
999764 1000000
999763 1000000
999762 1000000
999761 1000000
999760 1000000
999759 1000000
999758 1000000
999757 1000000
999756 1000000
999755 1000000
999754 1000000
999753 1000000
999752 1000000
999751 1000000
999750 1000000
999749 1000000
999748 1000000
999747 1000000
999746 1000000
999745 1000000
999744 1000000
999743 1000000
999742 1000000
999741 1000000
999740 1000000
999739 1000000
999738 1000000
999737 1000000
999736 1000000
999735 1000000
999734 1000000
999733 1000000
999732 1000000
999731 1000000
999730 1000000
999729 1000000
999728 1000000
999727 1000000
999726 1000000
999725 1000000
999724 1000000
999723 1000000
999722 1000000
999721 1000000
999720 1000000
999719 1000000
999718 1000000
999717 1000000
999716 1000000
999715 1000000
999714 1000000
999713 1000000
999712 1000000
999711 1000000
999710 1000000
999709 1000000
999708 1000000
999707 1000000
999706 1000000
999705 1000000
999704 1000000
999703 1000000
999702 1000000
999701 1000000
999700 1000000
999699 1000000
999698 1000000
999697 1000000
999696 1000000
999695 1000000
999694 1000000
999693 1000000
999692 1000000
999691 1000000
999690 1000000
999689 1000000
999688 1000000
999687 1000000
999686 1000000
999685 1000000
999684 1000000
999683 1000000
999682 1000000
999681 1000000
999680 1000000
999679 1000000
999678 1000000
999677 1000000
999676 1000000
999675 1000000
999674 1000000
999673 1000000
999672 1000000
999671 1000000
999670 1000000
999669 1000000
999668 1000000
999667 1000000
999666 1000000
999665 1000000
999664 1000000
999663 1000000
999662 1000000
999661 1000000
999660 1000000
999659 1000000
999658 1000000
999657 1000000
999656 1000000
999655 1000000
999654 1000000
999653 1000000
999652 1000000
999651 1000000
999650 1000000
999649 1000000
999648 1000000
999647 1000000
999646 1000000
999645 1000000
999644 1000000
999643 1000000
999642 1000000
999641 1000000
999640 1000000
999639 1000000
999638 1000000
999637 1000000
999636 1000000
999635 1000000
999634 1000000
999633 1000000
999632 1000000
999631 1000000
999630 1000000
999629 1000000
999628 1000000
999627 1000000
999626 1000000
999625 1000000
999624 1000000
999623 1000000
999622 1000000
999621 1000000
999620 1000000
999619 1000000
999618 1000000
999617 1000000
999616 1000000
999615 1000000
999614 1000000
999613 1000000
999612 1000000
999611 1000000
999610 1000000
999609 1000000
999608 1000000
999607 1000000
999606 1000000
999605 1000000
999604 1000000
999603 1000000
999602 1000000
999601 1000000
999600 1000000
999599 1000000
999598 1000000
999597 1000000
999596 1000000
999595 1000000
999594 1000000
999593 1000000
999592 1000000
999591 1000000
999590 1000000
999589 1000000
999588 1000000
999587 1000000
999586 1000000
999585 1000000
999584 1000000
999583 1000000
999582 1000000
999581 1000000
999580 1000000
999579 1000000
999578 1000000
999577 1000000
999576 1000000
999575 1000000
999574 1000000
999573 1000000
999572 1000000
999571 1000000
999570 1000000
999569 1000000
999568 1000000
999567 1000000
999566 1000000
999565 1000000
999564 1000000
999563 1000000
999562 1000000
999561 1000000
999560 1000000
999559 1000000
999558 1000000
999557 1000000
999556 1000000
999555 1000000
999554 1000000
999553 1000000
999552 1000000
999551 1000000
999550 1000000
999549 1000000
999548 1000000
999547 1000000
999546 1000000
999545 1000000
999544 1000000
999543 1000000
999542 1000000
999541 1000000
999540 1000000
999539 1000000
999538 1000000
999537 1000000
999536 1000000
999535 1000000
999534 1000000
999533 1000000
999532 1000000
999531 1000000
999530 1000000
999529 1000000
999528 1000000
999527 1000000
999526 1000000
999525 1000000
999524 1000000
999523 1000000
999522 1000000
999521 1000000
999520 1000000
999519 1000000
999518 1000000
999517 1000000
999516 1000000
999515 1000000
999514 1000000
999513 1000000
999512 1000000
999511 1000000
999510 1000000
999509 1000000
999508 1000000
999507 1000000
999506 1000000
999505 1000000
999504 1000000
999503 1000000
999502 1000000
999501 1000000
999500 1000000
999499 1000000
999498 1000000
999497 1000000
999496 1000000
999495 1000000
999494 1000000
999493 1000000
999492 1000000
999491 1000000
999490 1000000
999489 1000000
999488 1000000
999487 1000000
999486 1000000
999485 1000000
999484 1000000
999483 1000000
999482 1000000
999481 1000000
999480 1000000
999479 1000000
999478 1000000
999477 1000000
999476 1000000
999475 1000000
999474 1000000
999473 1000000
999472 1000000
999471 1000000
999470 1000000
999469 1000000
999468 1000000
999467 1000000
999466 1000000
999465 1000000
999464 1000000
999463 1000000
999462 1000000
999461 1000000
999460 1000000
999459 1000000
999458 1000000
999457 1000000
999456 1000000
999455 1000000
999454 1000000
999453 1000000
999452 1000000
999451 1000000
999450 1000000
999449 1000000
999448 1000000
999447 1000000
999446 1000000
999445 1000000
999444 1000000
999443 1000000
999442 1000000
999441 1000000
999440 1000000
999439 1000000
999438 1000000
999437 1000000
999436 1000000
999435 1000000
999434 1000000
999433 1000000
999432 1000000
999431 1000000
999430 1000000
999429 1000000
999428 1000000
999427 1000000
999426 1000000
999425 1000000
999424 1000000
999423 1000000
999422 1000000
999421 1000000
999420 1000000
999419 1000000
999418 1000000
999417 1000000
999416 1000000
999415 1000000
999414 1000000
999413 1000000
999412 1000000
999411 1000000
999410 1000000
999409 1000000
999408 1000000
999407 1000000
999406 1000000
999405 1000000
999404 1000000
999403 1000000
999402 1000000
999401 1000000
999400 1000000
999399 1000000
999398 1000000
999397 1000000
999396 1000000
999395 1000000
999394 1000000
999393 1000000
999392 1000000
999391 1000000
999390 1000000
999389 1000000
999388 1000000
999387 1000000
999386 1000000
999385 1000000
999384 1000000
999383 1000000
999382 1000000
999381 1000000
999380 1000000
999379 1000000
999378 1000000
999377 1000000
999376 1000000
999375 1000000
999374 1000000
999373 1000000
999372 1000000
999371 1000000
999370 1000000
999369 1000000
999368 1000000
999367 1000000
999366 1000000
999365 1000000
999364 1000000
999363 1000000
999362 1000000
999361 1000000
999360 1000000
999359 1000000
999358 1000000
999357 1000000
999356 1000000
999355 1000000
999354 1000000
999353 1000000
999352 1000000
999351 1000000
999350 1000000
999349 1000000
999348 1000000
999347 1000000
999346 1000000
999345 1000000
999344 1000000
999343 1000000
999342 1000000
999341 1000000
999340 1000000
999339 1000000
999338 1000000
999337 1000000
999336 1000000
999335 1000000
999334 1000000
999333 1000000
999332 1000000
999331 1000000
999330 1000000
999329 1000000
999328 1000000
999327 1000000
999326 1000000
999325 1000000
999324 1000000
999323 1000000
999322 1000000
999321 1000000
999320 1000000
999319 1000000
999318 1000000
999317 1000000
999316 1000000
999315 1000000
999314 1000000
999313 1000000
999312 1000000
999311 1000000
999310 1000000
999309 1000000
999308 1000000
999307 1000000
999306 1000000
999305 1000000
999304 1000000
999303 1000000
999302 1000000
999301 1000000
999300 1000000
999299 1000000
999298 1000000
999297 1000000
999296 1000000
999295 1000000
999294 1000000
999293 1000000
999292 1000000
999291 1000000
999290 1000000
999289 1000000
999288 1000000
999287 1000000
999286 1000000
999285 1000000
999284 1000000
999283 1000000
999282 1000000
999281 1000000
999280 1000000
999279 1000000
999278 1000000
999277 1000000
999276 1000000
999275 1000000
999274 1000000
999273 1000000
999272 1000000
999271 1000000
999270 1000000
999269 1000000
999268 1000000
999267 1000000
999266 1000000
999265 1000000
999264 1000000
999263 1000000
999262 1000000
999261 1000000
999260 1000000
999259 1000000
999258 1000000
999257 1000000
999256 1000000
999255 1000000
999254 1000000
999253 1000000
999252 1000000
999251 1000000
999250 1000000
999249 1000000
999248 1000000
999247 1000000
999246 1000000
999245 1000000
999244 1000000
999243 1000000
999242 1000000
999241 1000000
999240 1000000
999239 1000000
999238 1000000
999237 1000000
999236 1000000
999235 1000000
999234 1000000
999233 1000000
999232 1000000
999231 1000000
999230 1000000
999229 1000000
999228 1000000
999227 1000000
999226 1000000
999225 1000000
999224 1000000
999223 1000000
999222 1000000
999221 1000000
999220 1000000
999219 1000000
999218 1000000
999217 1000000
999216 1000000
999215 1000000
999214 1000000
999213 1000000
999212 1000000
999211 1000000
999210 1000000
999209 1000000
999208 1000000
999207 1000000
999206 1000000
999205 1000000
999204 1000000
999203 1000000
999202 1000000
999201 1000000
999200 1000000
999199 1000000
999198 1000000
999197 1000000
999196 1000000
999195 1000000
999194 1000000
999193 1000000
999192 1000000
999191 1000000
999190 1000000
999189 1000000
999188 1000000
999187 1000000
999186 1000000
999185 1000000
999184 1000000
999183 1000000
999182 1000000
999181 1000000
999180 1000000
999179 1000000
999178 1000000
999177 1000000
999176 1000000
999175 1000000
999174 1000000
999173 1000000
999172 1000000
999171 1000000
999170 1000000
999169 1000000
999168 1000000
999167 1000000
999166 1000000
999165 1000000
999164 1000000
999163 1000000
999162 1000000
999161 1000000
999160 1000000
999159 1000000
999158 1000000
999157 1000000
999156 1000000
999155 1000000
999154 1000000
999153 1000000
999152 1000000
999151 1000000
999150 1000000
999149 1000000
999148 1000000
999147 1000000
999146 1000000
999145 1000000
999144 1000000
999143 1000000
999142 1000000
999141 1000000
999140 1000000
999139 1000000
999138 1000000
999137 1000000
999136 1000000
999135 1000000
999134 1000000
999133 1000000
999132 1000000
999131 1000000
999130 1000000
999129 1000000
999128 1000000
999127 1000000
999126 1000000
999125 1000000
999124 1000000
999123 1000000
999122 1000000
999121 1000000
999120 1000000
999119 1000000
999118 1000000
999117 1000000
999116 1000000
999115 1000000
999114 1000000
999113 1000000
999112 1000000
999111 1000000
999110 1000000
999109 1000000
999108 1000000
999107 1000000
999106 1000000
999105 1000000
999104 1000000
999103 1000000
999102 1000000
999101 1000000
999100 1000000
999099 1000000
999098 1000000
999097 1000000
999096 1000000
999095 1000000
999094 1000000
999093 1000000
999092 1000000
999091 1000000
999090 1000000
999089 1000000
999088 1000000
999087 1000000
999086 1000000
999085 1000000
999084 1000000
999083 1000000
999082 1000000
999081 1000000
999080 1000000
999079 1000000
999078 1000000
999077 1000000
999076 1000000
999075 1000000
999074 1000000
999073 1000000
999072 1000000
999071 1000000
999070 1000000
999069 1000000
999068 1000000
999067 1000000
999066 1000000
999065 1000000
999064 1000000
999063 1000000
999062 1000000
999061 1000000
999060 1000000
999059 1000000
999058 1000000
999057 1000000
999056 1000000
999055 1000000
999054 1000000
999053 1000000
999052 1000000
999051 1000000
999050 1000000
999049 1000000
999048 1000000
999047 1000000
999046 1000000
999045 1000000
999044 1000000
999043 1000000
999042 1000000
999041 1000000
999040 1000000
999039 1000000
999038 1000000
999037 1000000
999036 1000000
999035 1000000
999034 1000000
999033 1000000
999032 1000000
999031 1000000
999030 1000000
999029 1000000
999028 1000000
999027 1000000
999026 1000000
999025 1000000
999024 1000000
999023 1000000
999022 1000000
999021 1000000
999020 1000000
999019 1000000
999018 1000000
999017 1000000
999016 1000000
999015 1000000
999014 1000000
999013 1000000
999012 1000000
999011 1000000
999010 1000000
999009 1000000
999008 1000000
999007 1000000
999006 1000000
999005 1000000
999004 1000000
999003 1000000
999002 1000000
999001 1000000
1999000 2000000
1999001 2000000
1999002 2000000
1999003 2000000
1999004 2000000
1999005 2000000
1999006 2000000
1999007 2000000
1999008 2000000
1999009 2000000
1999010 2000000
1999011 2000000
1999012 2000000
1999013 2000000
1999014 2000000
1999015 2000000
1999016 2000000
1999017 2000000
1999018 2000000
1999019 2000000
1999020 2000000
1999021 2000000
1999022 2000000
1999023 2000000
1999024 2000000
1999025 2000000
1999026 2000000
1999027 2000000
1999028 2000000
1999029 2000000
1999030 2000000
1999031 2000000
1999032 2000000
1999033 2000000
1999034 2000000
1999035 2000000
1999036 2000000
1999037 2000000
1999038 2000000
1999039 2000000
1999040 2000000
1999041 2000000
1999042 2000000
1999043 2000000
1999044 2000000
1999045 2000000
1999046 2000000
1999047 2000000
1999048 2000000
1999049 2000000
1999050 2000000
1999051 2000000
1999052 2000000
1999053 2000000
1999054 2000000
1999055 2000000
1999056 2000000
1999057 2000000
1999058 2000000
1999059 2000000
1999060 2000000
1999061 2000000
1999062 2000000
1999063 2000000
1999064 2000000
1999065 2000000
1999066 2000000
1999067 2000000
1999068 2000000
1999069 2000000
1999070 2000000
1999071 2000000
1999072 2000000
1999073 2000000
1999074 2000000
1999075 2000000
1999076 2000000
1999077 2000000
1999078 2000000
1999079 2000000
1999080 2000000
1999081 2000000
1999082 2000000
1999083 2000000
1999084 2000000
1999085 2000000
1999086 2000000
1999087 2000000
1999088 2000000
1999089 2000000
1999090 2000000
1999091 2000000
1999092 2000000
1999093 2000000
1999094 2000000
1999095 2000000
1999096 2000000
1999097 2000000
1999098 2000000
1999099 2000000
1999100 2000000
1999101 2000000
1999102 2000000
1999103 2000000
1999104 2000000
1999105 2000000
1999106 2000000
1999107 2000000
1999108 2000000
1999109 2000000
1999110 2000000
1999111 2000000
1999112 2000000
1999113 2000000
1999114 2000000
1999115 2000000
1999116 2000000
1999117 2000000
1999118 2000000
1999119 2000000
1999120 2000000
1999121 2000000
1999122 2000000
1999123 2000000
1999124 2000000
1999125 2000000
1999126 2000000
1999127 2000000
1999128 2000000
1999129 2000000
1999130 2000000
1999131 2000000
1999132 2000000
1999133 2000000
1999134 2000000
1999135 2000000
1999136 2000000
1999137 2000000
1999138 2000000
1999139 2000000
1999140 2000000
1999141 2000000
1999142 2000000
1999143 2000000
1999144 2000000
1999145 2000000
1999146 2000000
1999147 2000000
1999148 2000000
1999149 2000000
1999150 2000000
1999151 2000000
1999152 2000000
1999153 2000000
1999154 2000000
1999155 2000000
1999156 2000000
1999157 2000000
1999158 2000000
1999159 2000000
1999160 2000000
1999161 2000000
1999162 2000000
1999163 2000000
1999164 2000000
1999165 2000000
1999166 2000000
1999167 2000000
1999168 2000000
1999169 2000000
1999170 2000000
1999171 2000000
1999172 2000000
1999173 2000000
1999174 2000000
1999175 2000000
1999176 2000000
1999177 2000000
1999178 2000000
1999179 2000000
1999180 2000000
1999181 2000000
1999182 2000000
1999183 2000000
1999184 2000000
1999185 2000000
1999186 2000000
1999187 2000000
1999188 2000000
1999189 2000000
1999190 2000000
1999191 2000000
1999192 2000000
1999193 2000000
1999194 2000000
1999195 2000000
1999196 2000000
1999197 2000000
1999198 2000000
1999199 2000000
1999200 2000000
1999201 2000000
1999202 2000000
1999203 2000000
1999204 2000000
1999205 2000000
1999206 2000000
1999207 2000000
1999208 2000000
1999209 2000000
1999210 2000000
1999211 2000000
1999212 2000000
1999213 2000000
1999214 2000000
1999215 2000000
1999216 2000000
1999217 2000000
1999218 2000000
1999219 2000000
1999220 2000000
1999221 2000000
1999222 2000000
1999223 2000000
1999224 2000000
1999225 2000000
1999226 2000000
1999227 2000000
1999228 2000000
1999229 2000000
1999230 2000000
1999231 2000000
1999232 2000000
1999233 2000000
1999234 2000000
1999235 2000000
1999236 2000000
1999237 2000000
1999238 2000000
1999239 2000000
1999240 2000000
1999241 2000000
1999242 2000000
1999243 2000000
1999244 2000000
1999245 2000000
1999246 2000000
1999247 2000000
1999248 2000000
1999249 2000000
1999250 2000000
1999251 2000000
1999252 2000000
1999253 2000000
1999254 2000000
1999255 2000000
1999256 2000000
1999257 2000000
1999258 2000000
1999259 2000000
1999260 2000000
1999261 2000000
1999262 2000000
1999263 2000000
1999264 2000000
1999265 2000000
1999266 2000000
1999267 2000000
1999268 2000000
1999269 2000000
1999270 2000000
1999271 2000000
1999272 2000000
1999273 2000000
1999274 2000000
1999275 2000000
1999276 2000000
1999277 2000000
1999278 2000000
1999279 2000000
1999280 2000000
1999281 2000000
1999282 2000000
1999283 2000000
1999284 2000000
1999285 2000000
1999286 2000000
1999287 2000000
1999288 2000000
1999289 2000000
1999290 2000000
1999291 2000000
1999292 2000000
1999293 2000000
1999294 2000000
1999295 2000000
1999296 2000000
1999297 2000000
1999298 2000000
1999299 2000000
1999300 2000000
1999301 2000000
1999302 2000000
1999303 2000000
1999304 2000000
1999305 2000000
1999306 2000000
1999307 2000000
1999308 2000000
1999309 2000000
1999310 2000000
1999311 2000000
1999312 2000000
1999313 2000000
1999314 2000000
1999315 2000000
1999316 2000000
1999317 2000000
1999318 2000000
1999319 2000000
1999320 2000000
1999321 2000000
1999322 2000000
1999323 2000000
1999324 2000000
1999325 2000000
1999326 2000000
1999327 2000000
1999328 2000000
1999329 2000000
1999330 2000000
1999331 2000000
1999332 2000000
1999333 2000000
1999334 2000000
1999335 2000000
1999336 2000000
1999337 2000000
1999338 2000000
1999339 2000000
1999340 2000000
1999341 2000000
1999342 2000000
1999343 2000000
1999344 2000000
1999345 2000000
1999346 2000000
1999347 2000000
1999348 2000000
1999349 2000000
1999350 2000000
1999351 2000000
1999352 2000000
1999353 2000000
1999354 2000000
1999355 2000000
1999356 2000000
1999357 2000000
1999358 2000000
1999359 2000000
1999360 2000000
1999361 2000000
1999362 2000000
1999363 2000000
1999364 2000000
1999365 2000000
1999366 2000000
1999367 2000000
1999368 2000000
1999369 2000000
1999370 2000000
1999371 2000000
1999372 2000000
1999373 2000000
1999374 2000000
1999375 2000000
1999376 2000000
1999377 2000000
1999378 2000000
1999379 2000000
1999380 2000000
1999381 2000000
1999382 2000000
1999383 2000000
1999384 2000000
1999385 2000000
1999386 2000000
1999387 2000000
1999388 2000000
1999389 2000000
1999390 2000000
1999391 2000000
1999392 2000000
1999393 2000000
1999394 2000000
1999395 2000000
1999396 2000000
1999397 2000000
1999398 2000000
1999399 2000000
1999400 2000000
1999401 2000000
1999402 2000000
1999403 2000000
1999404 2000000
1999405 2000000
1999406 2000000
1999407 2000000
1999408 2000000
1999409 2000000
1999410 2000000
1999411 2000000
1999412 2000000
1999413 2000000
1999414 2000000
1999415 2000000
1999416 2000000
1999417 2000000
1999418 2000000
1999419 2000000
1999420 2000000
1999421 2000000
1999422 2000000
1999423 2000000
1999424 2000000
1999425 2000000
1999426 2000000
1999427 2000000
1999428 2000000
1999429 2000000
1999430 2000000
1999431 2000000
1999432 2000000
1999433 2000000
1999434 2000000
1999435 2000000
1999436 2000000
1999437 2000000
1999438 2000000
1999439 2000000
1999440 2000000
1999441 2000000
1999442 2000000
1999443 2000000
1999444 2000000
1999445 2000000
1999446 2000000
1999447 2000000
1999448 2000000
1999449 2000000
1999450 2000000
1999451 2000000
1999452 2000000
1999453 2000000
1999454 2000000
1999455 2000000
1999456 2000000
1999457 2000000
1999458 2000000
1999459 2000000
1999460 2000000
1999461 2000000
1999462 2000000
1999463 2000000
1999464 2000000
1999465 2000000
1999466 2000000
1999467 2000000
1999468 2000000
1999469 2000000
1999470 2000000
1999471 2000000
1999472 2000000
1999473 2000000
1999474 2000000
1999475 2000000
1999476 2000000
1999477 2000000
1999478 2000000
1999479 2000000
1999480 2000000
1999481 2000000
1999482 2000000
1999483 2000000
1999484 2000000
1999485 2000000
1999486 2000000
1999487 2000000
1999488 2000000
1999489 2000000
1999490 2000000
1999491 2000000
1999492 2000000
1999493 2000000
1999494 2000000
1999495 2000000
1999496 2000000
1999497 2000000
1999498 2000000
1999499 2000000
1999500 2000000
1999501 2000000
1999502 2000000
1999503 2000000
1999504 2000000
1999505 2000000
1999506 2000000
1999507 2000000
1999508 2000000
1999509 2000000
1999510 2000000
1999511 2000000
1999512 2000000
1999513 2000000
1999514 2000000
1999515 2000000
1999516 2000000
1999517 2000000
1999518 2000000
1999519 2000000
1999520 2000000
1999521 2000000
1999522 2000000
1999523 2000000
1999524 2000000
1999525 2000000
1999526 2000000
1999527 2000000
1999528 2000000
1999529 2000000
1999530 2000000
1999531 2000000
1999532 2000000
1999533 2000000
1999534 2000000
1999535 2000000
1999536 2000000
1999537 2000000
1999538 2000000
1999539 2000000
1999540 2000000
1999541 2000000
1999542 2000000
1999543 2000000
1999544 2000000
1999545 2000000
1999546 2000000
1999547 2000000
1999548 2000000
1999549 2000000
1999550 2000000
1999551 2000000
1999552 2000000
1999553 2000000
1999554 2000000
1999555 2000000
1999556 2000000
1999557 2000000
1999558 2000000
1999559 2000000
1999560 2000000
1999561 2000000
1999562 2000000
1999563 2000000
1999564 2000000
1999565 2000000
1999566 2000000
1999567 2000000
1999568 2000000
1999569 2000000
1999570 2000000
1999571 2000000
1999572 2000000
1999573 2000000
1999574 2000000
1999575 2000000
1999576 2000000
1999577 2000000
1999578 2000000
1999579 2000000
1999580 2000000
1999581 2000000
1999582 2000000
1999583 2000000
1999584 2000000
1999585 2000000
1999586 2000000
1999587 2000000
1999588 2000000
1999589 2000000
1999590 2000000
1999591 2000000
1999592 2000000
1999593 2000000
1999594 2000000
1999595 2000000
1999596 2000000
1999597 2000000
1999598 2000000
1999599 2000000
1999600 2000000
1999601 2000000
1999602 2000000
1999603 2000000
1999604 2000000
1999605 2000000
1999606 2000000
1999607 2000000
1999608 2000000
1999609 2000000
1999610 2000000
1999611 2000000
1999612 2000000
1999613 2000000
1999614 2000000
1999615 2000000
1999616 2000000
1999617 2000000
1999618 2000000
1999619 2000000
1999620 2000000
1999621 2000000
1999622 2000000
1999623 2000000
1999624 2000000
1999625 2000000
1999626 2000000
1999627 2000000
1999628 2000000
1999629 2000000
1999630 2000000
1999631 2000000
1999632 2000000
1999633 2000000
1999634 2000000
1999635 2000000
1999636 2000000
1999637 2000000
1999638 2000000
1999639 2000000
1999640 2000000
1999641 2000000
1999642 2000000
1999643 2000000
1999644 2000000
1999645 2000000
1999646 2000000
1999647 2000000
1999648 2000000
1999649 2000000
1999650 2000000
1999651 2000000
1999652 2000000
1999653 2000000
1999654 2000000
1999655 2000000
1999656 2000000
1999657 2000000
1999658 2000000
1999659 2000000
1999660 2000000
1999661 2000000
1999662 2000000
1999663 2000000
1999664 2000000
1999665 2000000
1999666 2000000
1999667 2000000
1999668 2000000
1999669 2000000
1999670 2000000
1999671 2000000
1999672 2000000
1999673 2000000
1999674 2000000
1999675 2000000
1999676 2000000
1999677 2000000
1999678 2000000
1999679 2000000
1999680 2000000
1999681 2000000
1999682 2000000
1999683 2000000
1999684 2000000
1999685 2000000
1999686 2000000
1999687 2000000
1999688 2000000
1999689 2000000
1999690 2000000
1999691 2000000
1999692 2000000
1999693 2000000
1999694 2000000
1999695 2000000
1999696 2000000
1999697 2000000
1999698 2000000
1999699 2000000
1999700 2000000
1999701 2000000
1999702 2000000
1999703 2000000
1999704 2000000
1999705 2000000
1999706 2000000
1999707 2000000
1999708 2000000
1999709 2000000
1999710 2000000
1999711 2000000
1999712 2000000
1999713 2000000
1999714 2000000
1999715 2000000
1999716 2000000
1999717 2000000
1999718 2000000
1999719 2000000
1999720 2000000
1999721 2000000
1999722 2000000
1999723 2000000
1999724 2000000
1999725 2000000
1999726 2000000
1999727 2000000
1999728 2000000
1999729 2000000
1999730 2000000
1999731 2000000
1999732 2000000
1999733 2000000
1999734 2000000
1999735 2000000
1999736 2000000
1999737 2000000
1999738 2000000
1999739 2000000
1999740 2000000
1999741 2000000
1999742 2000000
1999743 2000000
1999744 2000000
1999745 2000000
1999746 2000000
1999747 2000000
1999748 2000000
1999749 2000000
1999750 2000000
1999751 2000000
1999752 2000000
1999753 2000000
1999754 2000000
1999755 2000000
1999756 2000000
1999757 2000000
1999758 2000000
1999759 2000000
1999760 2000000
1999761 2000000
1999762 2000000
1999763 2000000
1999764 2000000
1999765 2000000
1999766 2000000
1999767 2000000
1999768 2000000
1999769 2000000
1999770 2000000
1999771 2000000
1999772 2000000
1999773 2000000
1999774 2000000
1999775 2000000
1999776 2000000
1999777 2000000
1999778 2000000
1999779 2000000
1999780 2000000
1999781 2000000
1999782 2000000
1999783 2000000
1999784 2000000
1999785 2000000
1999786 2000000
1999787 2000000
1999788 2000000
1999789 2000000
1999790 2000000
1999791 2000000
1999792 2000000
1999793 2000000
1999794 2000000
1999795 2000000
1999796 2000000
1999797 2000000
1999798 2000000
1999799 2000000
1999800 2000000
1999801 2000000
1999802 2000000
1999803 2000000
1999804 2000000
1999805 2000000
1999806 2000000
1999807 2000000
1999808 2000000
1999809 2000000
1999810 2000000
1999811 2000000
1999812 2000000
1999813 2000000
1999814 2000000
1999815 2000000
1999816 2000000
1999817 2000000
1999818 2000000
1999819 2000000
1999820 2000000
1999821 2000000
1999822 2000000
1999823 2000000
1999824 2000000
1999825 2000000
1999826 2000000
1999827 2000000
1999828 2000000
1999829 2000000
1999830 2000000
1999831 2000000
1999832 2000000
1999833 2000000
1999834 2000000
1999835 2000000
1999836 2000000
1999837 2000000
1999838 2000000
1999839 2000000
1999840 2000000
1999841 2000000
1999842 2000000
1999843 2000000
1999844 2000000
1999845 2000000
1999846 2000000
1999847 2000000
1999848 2000000
1999849 2000000
1999850 2000000
1999851 2000000
1999852 2000000
1999853 2000000
1999854 2000000
1999855 2000000
1999856 2000000
1999857 2000000
1999858 2000000
1999859 2000000
1999860 2000000
1999861 2000000
1999862 2000000
1999863 2000000
1999864 2000000
1999865 2000000
1999866 2000000
1999867 2000000
1999868 2000000
1999869 2000000
1999870 2000000
1999871 2000000
1999872 2000000
1999873 2000000
1999874 2000000
1999875 2000000
1999876 2000000
1999877 2000000
1999878 2000000
1999879 2000000
1999880 2000000
1999881 2000000
1999882 2000000
1999883 2000000
1999884 2000000
1999885 2000000
1999886 2000000
1999887 2000000
1999888 2000000
1999889 2000000
1999890 2000000
1999891 2000000
1999892 2000000
1999893 2000000
1999894 2000000
1999895 2000000
1999896 2000000
1999897 2000000
1999898 2000000
1999899 2000000
1999900 2000000
1999901 2000000
1999902 2000000
1999903 2000000
1999904 2000000
1999905 2000000
1999906 2000000
1999907 2000000
1999908 2000000
1999909 2000000
1999910 2000000
1999911 2000000
1999912 2000000
1999913 2000000
1999914 2000000
1999915 2000000
1999916 2000000
1999917 2000000
1999918 2000000
1999919 2000000
1999920 2000000
1999921 2000000
1999922 2000000
1999923 2000000
1999924 2000000
1999925 2000000
1999926 2000000
1999927 2000000
1999928 2000000
1999929 2000000
1999930 2000000
1999931 2000000
1999932 2000000
1999933 2000000
1999934 2000000
1999935 2000000
1999936 2000000
1999937 2000000
1999938 2000000
1999939 2000000
1999940 2000000
1999941 2000000
1999942 2000000
1999943 2000000
1999944 2000000
1999945 2000000
1999946 2000000
1999947 2000000
1999948 2000000
1999949 2000000
1999950 2000000
1999951 2000000
1999952 2000000
1999953 2000000
1999954 2000000
1999955 2000000
1999956 2000000
1999957 2000000
1999958 2000000
1999959 2000000
1999960 2000000
1999961 2000000
1999962 2000000
1999963 2000000
1999964 2000000
1999965 2000000
1999966 2000000
1999967 2000000
1999968 2000000
1999969 2000000
1999970 2000000
1999971 2000000
1999972 2000000
1999973 2000000
1999974 2000000
1999975 2000000
1999976 2000000
1999977 2000000
1999978 2000000
1999979 2000000
1999980 2000000
1999981 2000000
1999982 2000000
1999983 2000000
1999984 2000000
1999985 2000000
1999986 2000000
1999987 2000000
1999988 2000000
1999989 2000000
1999990 2000000
1999991 2000000
1999992 2000000
1999993 2000000
1999994 2000000
1999995 2000000
1999996 2000000
1999997 2000000
1999998 2000000
1999999 2000000
